0.025037527084350586 0.193359375
0.06109428405761719 0.21914062499999998
0.09737300872802734 0.24492187499999998
0.13321232795715332 0.28359375
0.16911721229553223 0.30937499999999996
0.20417261123657227 0.30937499999999996
0.23892498016357422 0.322265625
0.27365827560424805 0.36093749999999997
0.30863261222839355 0.38671875
0.3437693119049072 0.399609375
0.3800523281097412 0.399609375
0.4156167507171631 0.399609375
0.45084619522094727 0.451171875
0.48563075065612793 0.48984374999999997
0.520491361618042 0.502734375
0.5552563667297363 0.502734375
0.5900390148162842 0.5285156249999999
0.6249289512634277 0.5671875
0.6598401069641113 0.5671875
0.6947190761566162 0.605859375
0.7301740646362305 0.6187499999999999
0.7658684253692627 0.6187499999999999
0.8013625144958496 0.631640625
0.8367018699645996 0.6574218749999999
0.8719902038574219 0.69609375
0.9073481559753418 0.708984375
0.9427103996276855 0.7218749999999999
0.9789700508117676 0.734765625
1.0152990818023682 0.760546875
1.0516843795776367 0.7734375
1.0879106521606445 0.79921875
1.1241393089294434 0.8121093749999999
1.1603140830993652 0.8121093749999999
1.1964259147644043 0.8121093749999999
1.2329695224761963 0.8121093749999999
1.2689080238342285 0.8121093749999999
1.3052237033843994 0.863671875
1.3412728309631348 0.9152343749999999
1.3777744770050049 0.9152343749999999
1.4140045642852783 0.928125
1.4506220817565918 0.966796875
1.4889755249023438 0.9796874999999999
1.525355577468872 1.00546875
1.562877893447876 1.018359375
1.599687099456787 1.018359375
1.6371698379516602 1.044140625
1.6738307476043701 1.069921875
1.7100884914398193 1.069921875
1.7484416961669922 1.10859375
1.7851121425628662 1.1214843749999999
1.82208251953125 1.134375
1.8590888977050781 1.134375
1.895094394683838 1.147265625
1.9324204921722412 1.1859374999999999
1.9685678482055664 1.1859374999999999
2.0039095878601074 1.224609375
2.03908634185791 1.2374999999999998
2.0740201473236084 1.2374999999999998
2.1090006828308105 1.2503906249999999
2.144134998321533 1.276171875
2.179337739944458 1.276171875
2.214348077774048 1.3148437499999999
2.2495243549346924 1.327734375
2.2845993041992188 1.327734375
2.319782018661499 1.327734375
2.3548948764801025 1.340625
2.3898627758026123 1.353515625
2.424921989440918 1.3921875
2.459810733795166 1.3921875
2.4946556091308594 1.41796875
2.5294671058654785 1.4437499999999999
2.5642168521881104 1.4437499999999999
2.59896183013916 1.4437499999999999
2.6336944103240967 1.456640625
2.6686861515045166 1.482421875
2.703810691833496 1.482421875
2.73891544342041 1.482421875
2.774054765701294 1.52109375
2.808990001678467 1.533984375
2.844255208969116 1.546875
2.879897117614746 1.546875
2.9171838760375977 1.5597656249999998
2.9538650512695312 1.5597656249999998
2.989992618560791 1.5984375
3.0259244441986084 1.5984375
3.0612306594848633 1.6242187499999998
3.0960745811462402 1.6371093749999999
3.1309547424316406 1.6371093749999999
3.1659107208251953 1.65
3.2008471488952637 1.6371093749999999
3.23586106300354 1.662890625
3.271040439605713 1.6886718749999998
3.306199073791504 1.6886718749999998
3.3414788246154785 1.72734375
3.377856731414795 1.740234375
3.4142870903015137 1.740234375
3.4506046772003174 1.740234375
3.4861974716186523 1.7660156249999999
3.522310256958008 1.8046875
3.557811737060547 1.8046875
3.593418836593628 1.8304687499999999
3.6290996074676514 1.843359375
3.664523124694824 1.843359375
3.7000062465667725 1.843359375
3.735410213470459 1.843359375
3.7709522247314453 1.869140625
3.80704927444458 1.8949218749999999
3.842613458633423 1.8949218749999999
3.878779172897339 1.93359375
3.9143283367156982 1.9464843749999998
3.949779987335205 1.9593749999999999
3.9853365421295166 1.9593749999999999
4.021736145019531 1.9593749999999999
4.057753801345825 1.972265625
4.093019247055054 2.0109375
4.128932476043701 2.0109375
4.164227247238159 2.0109375
4.199465751647949 2.03671875
4.234736680984497 2.0496093749999997
4.270113468170166 2.0496093749999997
4.30595326423645 2.0496093749999997
4.341705322265625 2.0496093749999997
4.377297639846802 2.0496093749999997
4.412885665893555 2.0496093749999997
4.448815822601318 2.101171875
4.484172344207764 2.101171875
4.519240379333496 2.101171875
4.5543506145477295 2.13984375
4.5894646644592285 2.152734375
4.62459135055542 2.152734375
4.659719467163086 2.152734375
4.694692611694336 2.152734375
4.729789733886719 2.165625
4.764834403991699 2.1785156249999997
4.799941062927246 2.2171875
4.835059881210327 2.2171875
4.870158672332764 2.2171875
4.9052207469940186 2.2429687499999997
4.9404616355896 2.255859375
4.9755470752716064 2.26875
5.01059627532959 2.26875
5.045898199081421 2.26875
5.081144094467163 2.26875
5.11639666557312 2.281640625
5.152190446853638 2.3074218749999997
5.1880576610565186 2.3074218749999997
5.224064588546753 2.3074218749999997
5.2600390911102295 2.3074218749999997
5.2965943813323975 2.34609375
5.332017183303833 2.358984375
5.367920398712158 2.358984375
5.403658151626587 2.3718749999999997
5.438685178756714 2.3718749999999997
5.473820686340332 2.3718749999999997
5.509207010269165 2.3718749999999997
5.544372797012329 2.384765625
5.579587697982788 2.384765625
5.614718675613403 2.410546875
5.649698495864868 2.4234375
5.684505224227905 2.4234375
5.71924901008606 2.4749999999999996
5.75437593460083 2.4749999999999996
5.7894206047058105 2.4749999999999996
5.824565410614014 2.4749999999999996
5.859705448150635 2.4749999999999996
5.894772291183472 2.4749999999999996
5.929773807525635 2.487890625
5.964721441268921 2.487890625
5.999732971191406 2.513671875
6.034716367721558 2.513671875
6.071386098861694 2.513671875
6.106802701950073 2.513671875
6.142667770385742 2.55234375
6.368747234344482 2.513671875
6.593873023986816 2.0496093749999997
6.819121599197388 1.93359375
7.044550180435181 1.843359375
7.2700371742248535 1.7660156249999999
7.495235919952393 1.740234375
7.721514701843262 1.6886718749999998
7.94780158996582 1.65
8.174410820007324 1.65
8.40110445022583 1.65
8.626154661178589 1.65
8.85111403465271 1.65
9.076043128967285 1.52109375
9.30159044265747 1.456640625
9.526601552963257 1.4437499999999999
9.751540899276733 1.4308593749999998
9.976800680160522 1.3921875
10.202292919158936 1.340625
10.42780590057373 1.327734375
10.6533944606781 1.3148437499999999
10.878713369369507 1.276171875
11.104175567626953 1.2503906249999999
11.329580783843994 1.2374999999999998
11.555016040802002 1.2374999999999998
11.780402183532715 1.1859374999999999
12.005901336669922 1.147265625
12.231282472610474 1.134375
12.456659317016602 1.134375
12.68216061592102 1.10859375
12.907291889190674 1.069921875
13.132268905639648 1.069921875
13.360453605651855 1.03125
13.585775375366211 1.018359375
13.810921669006348 1.018359375
14.036195039749146 1.00546875
14.261359214782715 0.9796874999999999
14.48651909828186 0.9796874999999999
14.711641311645508 0.9410156249999999
14.9367995262146 0.9152343749999999
15.161964893341064 0.9152343749999999
15.38717007637024 0.9152343749999999
15.612359523773193 0.90234375
15.837835550308228 0.863671875
16.063191890716553 0.8121093749999999
16.288625717163086 0.8121093749999999
16.513983011245728 0.8121093749999999
16.739354610443115 0.8121093749999999
16.964991807937622 0.8121093749999999
17.19039821624756 0.79921875
17.415831327438354 0.7734375
17.641145944595337 0.7734375
17.866528034210205 0.734765625
18.091968536376953 0.7218749999999999
18.31756901741028 0.7218749999999999
18.543007850646973 0.7218749999999999
18.768375873565674 0.7218749999999999
18.99375081062317 0.708984375
19.21917176246643 0.69609375
19.444572687149048 0.6574218749999999
19.669923067092896 0.6574218749999999
19.895267009735107 0.6574218749999999
20.120853900909424 0.631640625
20.346247911453247 0.631640625
20.571672201156616 0.6187499999999999
20.797097206115723 0.6187499999999999
21.02260160446167 0.6187499999999999
21.24792981147766 0.6187499999999999
21.47328543663025 0.6187499999999999
21.698633193969727 0.605859375
21.92405343055725 0.5929687499999999
22.149493932724 0.5929687499999999
22.37487816810608 0.5671875
22.600302934646606 0.5671875
22.825687885284424 0.5671875
23.051015853881836 0.5671875
23.27640128135681 0.554296875
23.501866340637207 0.5285156249999999
23.727294445037842 0.5285156249999999
